[0.2526278683672937, 0.23273255117256492, 0.24477633273248778]
[0.23273255117256492, 0.24477633273248778, 0.2419476500587619]
[0.24477633273248778, 0.2419476500587619, 0.24536123435639237]
[0.2419476500587619, 0.24536123435639237, 0.20648224462399256]
[0.24536123435639237, 0.20648224462399256, 0.1884916605648312]
[0.20648224462399256, 0.1884916605648312, 0.19249779935400818]
[0.1884916605648312, 0.19249779935400818, 0.17857175265170566]
[0.19249779935400818, 0.17857175265170566, 0.16893326695282485]
[0.17857175265170566, 0.16893326695282485, 0.1526681721071643]
[0.16893326695282485, 0.1526681721071643, 0.20869067495124602]
[0.1526681721071643, 0.20869067495124602, 0.2389989481969498]
[0.20869067495124602, 0.2389989481969498, 0.24347945321384823]
[0.2389989481969498, 0.24347945321384823, 0.18348323210179474]
[0.24347945321384823, 0.18348323210179474, 0.15305356130548725]
[0.18348323210179474, 0.15305356130548725, 0.19974357279554417]
[0.15305356130548725, 0.19974357279554417, 0.1927597689887165]
[0.19974357279554417, 0.1927597689887165, 0.15973740576426848]
[0.1927597689887165, 0.15973740576426848, 0.18547786824632354]
[0.15973740576426848, 0.18547786824632354, 0.1951706776061113]
[0.18547786824632354, 0.1951706776061113, 0.17795506634558075]
[0.1951706776061113, 0.17795506634558075, 0.14864720735439346]
[0.17795506634558075, 0.14864720735439346, 0.17535884648770056]
[0.14864720735439346, 0.17535884648770056, 0.15020679733890127]
[0.17535884648770056, 0.15020679733890127, 0.19021196683848557]
[0.15020679733890127, 0.19021196683848557, 0.17917920850877528]
[0.19021196683848557, 0.17917920850877528, 0.1751496049660907]
[0.17917920850877528, 0.1751496049660907, 0.16527532022383828]
[0.1751496049660907, 0.16527532022383828, 0.15974501381738015]
[0.16527532022383828, 0.15974501381738015, 0.17955945259464062]
[0.15974501381738015, 0.17955945259464062, 0.18039256395590142]
[0.17955945259464062, 0.18039256395590142, 0.18212637884585758]
[0.18039256395590142, 0.18212637884585758, 0.19806954829452805]
[0.18212637884585758, 0.19806954829452805, 0.16736014798652296]
[0.19806954829452805, 0.16736014798652296, 0.17299908453449592]
[0.16736014798652296, 0.17299908453449592, 0.1797070872064087]
[0.17299908453449592, 0.1797070872064087, 0.15576483514315076]
[0.1797070872064087, 0.15576483514315076, 0.15349021206218808]
[0.15576483514315076, 0.15349021206218808, 0.19181041052838305]
[0.15349021206218808, 0.19181041052838305, 0.1728047757700465]
[0.19181041052838305, 0.1728047757700465, 0.18229278741864352]
[0.1728047757700465, 0.18229278741864352, 0.1865189997186892]
[0.18229278741864352, 0.1865189997186892, 0.17129009196935893]
[0.1865189997186892, 0.17129009196935893, 0.21178323117113754]
[0.17129009196935893, 0.21178323117113754, 0.15625040908859877]
[0.21178323117113754, 0.15625040908859877, 0.22897901673827836]
[0.15625040908859877, 0.22897901673827836, 0.19197303487829567]
[0.22897901673827836, 0.19197303487829567, 0.18728897934706262]
[0.19197303487829567, 0.18728897934706262, 0.20388911244710806]
[0.18728897934706262, 0.20388911244710806, 0.1750589895878299]
[0.20388911244710806, 0.1750589895878299, 0.1744665471827785]
[0.1750589895878299, 0.1744665471827785, 0.15556836904294696]
[0.1744665471827785, 0.15556836904294696, 0.19913781419834675]
[0.15556836904294696, 0.19913781419834675, 0.19113702388605486]
[0.19913781419834675, 0.19113702388605486, 0.16680848167375656]
[0.19113702388605486, 0.16680848167375656, 0.18547786824632354]
[0.16680848167375656, 0.18547786824632354, 0.18288131705915264]
[0.18547786824632354, 0.18288131705915264, 0.18402531794948523]
[0.18288131705915264, 0.18402531794948523, 0.16751122254260037]
[0.18402531794948523, 0.16751122254260037, 0.17237779789893087]
[0.16751122254260037, 0.17237779789893087, 0.15442246568935025]
[0.17237779789893087, 0.15442246568935025, 0.15771779554573756]
[0.15442246568935025, 0.15771779554573756, 0.18768065658985317]
[0.15771779554573756, 0.18768065658985317, 0.17509289927552477]
[0.18768065658985317, 0.17509289927552477, 0.1650295044157464]
[0.17509289927552477, 0.1650295044157464, 0.18120475349325954]
[0.1650295044157464, 0.18120475349325954, 0.16808754232188527]
[0.18120475349325954, 0.16808754232188527, 0.18701427036913276]
[0.16808754232188527, 0.18701427036913276, 0.1725821026072309]
[0.18701427036913276, 0.1725821026072309, 0.16735153742557737]
[0.1725821026072309, 0.16735153742557737, 0.18022238362210868]
[0.16735153742557737, 0.18022238362210868, 0.16764570819418445]
[0.18022238362210868, 0.16764570819418445, 0.17694481575661816]
[0.16764570819418445, 0.17694481575661816, 0.169992435132007]
[0.17694481575661816, 0.169992435132007, 0.21880083410454684]
[0.169992435132007, 0.21880083410454684, 0.24898167024660878]
[0.21880083410454684, 0.24898167024660878, 0.2207717471255838]
[0.24898167024660878, 0.2207717471255838, 0.21356663397817063]
[0.2207717471255838, 0.21356663397817063, 0.1782154070186589]
[0.21356663397817063, 0.1782154070186589, 0.2549367850760438]
[0.1782154070186589, 0.2549367850760438, 0.2671685471648168]
[0.2549367850760438, 0.2671685471648168, 0.2595904560802329]
[0.2671685471648168, 0.2595904560802329, 0.2594123095058019]
[0.2595904560802329, 0.2594123095058019, 0.22156993264599056]
[0.2594123095058019, 0.22156993264599056, 0.24333021643926042]
[0.22156993264599056, 0.24333021643926042, 0.191575350877422]
[0.24333021643926042, 0.191575350877422, 0.21036471052506062]
[0.191575350877422, 0.21036471052506062, 0.25994837227958223]
[0.21036471052506062, 0.25994837227958223, 0.2204998903428165]
[0.25994837227958223, 0.2204998903428165, 0.17804403084333895]
[0.2204998903428165, 0.17804403084333895, 0.1693376781849935]
[0.17804403084333895, 0.1693376781849935, 0.14996795433837576]
[0.1693376781849935, 0.14996795433837576, 0.15153060529017345]
[0.14996795433837576, 0.15153060529017345, 0.1566804169235098]
[0.15153060529017345, 0.1566804169235098, 0.18027772164916658]
[0.1566804169235098, 0.18027772164916658, 0.1479292703219348]
[0.18027772164916658, 0.1479292703219348, 0.15667006972451053]
[0.1479292703219348, 0.15667006972451053, 0.17343034446306677]
[0.15667006972451053, 0.17343034446306677, 0.17076513754229466]
[0.17343034446306677, 0.17076513754229466, 0.16706344904158377]
[0.17076513754229466, 0.16706344904158377, 0.1361800974188701]
[0.16706344904158377, 0.1361800974188701, 0.20309187118301977]
[0.1361800974188701, 0.20309187118301977, 0.18871685693469928]
[0.20309187118301977, 0.18871685693469928, 0.22250220710578067]
[0.18871685693469928, 0.22250220710578067, 0.20656908177439193]
[0.22250220710578067, 0.20656908177439193, 0.14462454229171176]
[0.20656908177439193, 0.14462454229171176, 0.14315432014104326]
[0.14462454229171176, 0.14315432014104326, 0.16458781744213988]
[0.14315432014104326, 0.16458781744213988, 0.16975363297255602]
[0.16458781744213988, 0.16975363297255602, 0.16178685339435994]
[0.16975363297255602, 0.16178685339435994, 0.22205924333465518]
[0.16178685339435994, 0.22205924333465518, 0.15400260445511815]
[0.22205924333465518, 0.15400260445511815, 0.17115034886917568]
[0.15400260445511815, 0.17115034886917568, 0.14668283091180548]
[0.17115034886917568, 0.14668283091180548, 0.14431169457888987]
[0.14668283091180548, 0.14431169457888987, 0.13284787018436262]
[0.14431169457888987, 0.13284787018436262, 0.13984125595532426]
[0.13284787018436262, 0.13984125595532426, 0.18931748880973265]
[0.13984125595532426, 0.18931748880973265, 0.1611064601347738]
[0.18931748880973265, 0.1611064601347738, 0.19943868315972269]
[0.1611064601347738, 0.19943868315972269, 0.13269794908776775]
[0.19943868315972269, 0.13269794908776775, 0.16270496274673474]
[0.13269794908776775, 0.16270496274673474, 0.2186816550444199]
[0.16270496274673474, 0.2186816550444199, 0.13400030641228283]
[0.2186816550444199, 0.13400030641228283, 0.13727604898091006]
[0.13400030641228283, 0.13727604898091006, 0.15511192085773196]
[0.13727604898091006, 0.15511192085773196, 0.16630700911899726]
[0.15511192085773196, 0.16630700911899726, 0.1382087210404509]
[0.16630700911899726, 0.1382087210404509, 0.1467965889507944]
[0.1382087210404509, 0.1467965889507944, 0.13448390862750811]
[0.1467965889507944, 0.13448390862750811, 0.14134586295969956]
[0.13448390862750811, 0.14134586295969956, 0.16723390735186947]
[0.14134586295969956, 0.16723390735186947, 0.15670073004618734]
[0.16723390735186947, 0.15670073004618734, 0.1698684752792909]
[0.15670073004618734, 0.1698684752792909, 0.14025084684170697]
[0.1698684752792909, 0.14025084684170697, 0.14018295856632207]
[0.14025084684170697, 0.14018295856632207, 0.1224449279575574]
[0.14018295856632207, 0.1224449279575574, 0.13856228047681932]
[0.1224449279575574, 0.13856228047681932, 0.20717863949648763]
[0.13856228047681932, 0.20717863949648763, 0.2126277795570316]
[0.20717863949648763, 0.2126277795570316, 0.15277742530179597]
[0.2126277795570316, 0.15277742530179597, 0.14298686392274215]
[0.15277742530179597, 0.14298686392274215, 0.16743100736541522]
[0.14298686392274215, 0.16743100736541522, 0.15839345727623866]
[0.16743100736541522, 0.15839345727623866, 0.1392683939001869]
[0.15839345727623866, 0.1392683939001869, 0.20036321361090756]
[0.1392683939001869, 0.20036321361090756, 0.1439601140335982]
[0.20036321361090756, 0.1439601140335982, 0.1559059937349756]
[0.1439601140335982, 0.1559059937349756, 0.14413395519767552]
[0.1559059937349756, 0.14413395519767552, 0.14553175888811115]
[0.14413395519767552, 0.14553175888811115, 0.19270217114980204]
[0.14553175888811115, 0.19270217114980204, 0.23425118862835798]
[0.19270217114980204, 0.23425118862835798, 0.13757018649830582]
[0.23425118862835798, 0.13757018649830582, 0.15106142415449342]
[0.13757018649830582, 0.15106142415449342, 0.16145362449443376]
[0.15106142415449342, 0.16145362449443376, 0.14569532654018855]
[0.16145362449443376, 0.14569532654018855, 0.1640008573657546]
[0.14569532654018855, 0.1640008573657546, 0.1586906790730087]
[0.1640008573657546, 0.1586906790730087, 0.16685265929322393]
[0.1586906790730087, 0.16685265929322393, 0.19592543718589245]
[0.16685265929322393, 0.19592543718589245, 0.1827402592095011]
[0.19592543718589245, 0.1827402592095011, 0.16524497350641862]
[0.1827402592095011, 0.16524497350641862, 0.14862363707301368]
[0.16524497350641862, 0.14862363707301368, 0.14723631160496126]
[0.14862363707301368, 0.14723631160496126, 0.1765909723590998]
[0.14723631160496126, 0.1765909723590998, 0.20277550079653472]
[0.1765909723590998, 0.20277550079653472, 0.2054126121694377]
[0.20277550079653472, 0.2054126121694377, 0.13882950302760227]
[0.2054126121694377, 0.13882950302760227, 0.20256865908530114]
[0.13882950302760227, 0.20256865908530114, 0.15132944099917545]
[0.20256865908530114, 0.15132944099917545, 0.13082817025756677]
[0.15132944099917545, 0.13082817025756677, 0.19838528563390312]
[0.13082817025756677, 0.19838528563390312, 0.1699950306764343]
[0.19838528563390312, 0.1699950306764343, 0.22040628927803962]
[0.1699950306764343, 0.22040628927803962, 0.20592693820788882]
[0.22040628927803962, 0.20592693820788882, 0.26202662059334514]
[0.20592693820788882, 0.26202662059334514, 0.2021761273348625]
[0.26202662059334514, 0.2021761273348625, 0.17671509263935542]
[0.2021761273348625, 0.17671509263935542, 0.14411494336201597]
[0.17671509263935542, 0.14411494336201597, 0.13486152431142429]
[0.14411494336201597, 0.13486152431142429, 0.18651482477003709]
[0.13486152431142429, 0.18651482477003709, 0.14677534463617944]
[0.18651482477003709, 0.14677534463617944, 0.15872872450983427]
[0.14677534463617944, 0.15872872450983427, 0.1547705211490835]
[0.15872872450983427, 0.1547705211490835, 0.1585938273346044]
[0.1547705211490835, 0.1585938273346044, 0.17134916233178754]
[0.1585938273346044, 0.17134916233178754, 0.13715844373042704]
[0.17134916233178754, 0.13715844373042704, 0.18847697524056034]
[0.13715844373042704, 0.18847697524056034, 0.18696784269305056]
[0.18847697524056034, 0.18696784269305056, 0.15195696762965594]
[0.18696784269305056, 0.15195696762965594, 0.15447073906105793]
[0.15195696762965594, 0.15447073906105793, 0.14267352900006228]
[0.15447073906105793, 0.14267352900006228, 0.14959525582414446]
[0.14267352900006228, 0.14959525582414446, 0.15836001854921572]
[0.14959525582414446, 0.15836001854921572, 0.14007384904114006]
[0.15836001854921572, 0.14007384904114006, 0.15528926129019766]
[0.14007384904114006, 0.15528926129019766, 0.14837779388887198]
[0.15528926129019766, 0.14837779388887198, 0.14550205784649806]
[0.14837779388887198, 0.14550205784649806, 0.14750317324422413]
[0.14550205784649806, 0.14750317324422413, 0.12643516481061814]
[0.14750317324422413, 0.12643516481061814, 0.15397515858437477]
[0.12643516481061814, 0.15397515858437477, 0.14461278758578394]
[0.15397515858437477, 0.14461278758578394, 0.1445984467879506]
[0.14461278758578394, 0.1445984467879506, 0.15741483806833956]
[0.1445984467879506, 0.15741483806833956, 0.14558793860916594]
[0.15741483806833956, 0.14558793860916594, 0.15938357828548677]
[0.14558793860916594, 0.15938357828548677, 0.15227171812140766]
[0.15938357828548677, 0.15227171812140766, 0.14788215345805789]
[0.15227171812140766, 0.14788215345805789, 0.18726237787511768]
[0.14788215345805789, 0.18726237787511768, 0.17807112468872321]
[0.18726237787511768, 0.17807112468872321, 0.14984799917609987]
[0.17807112468872321, 0.14984799917609987, 0.15799961327861087]
[0.14984799917609987, 0.15799961327861087, 0.13375809846022385]
[0.15799961327861087, 0.13375809846022385, 0.1529121106073939]
[0.13375809846022385, 0.1529121106073939, 0.14480490831691858]
[0.1529121106073939, 0.14480490831691858, 0.1538643038836457]
[0.14480490831691858, 0.1538643038836457, 0.15086954190199311]
[0.1538643038836457, 0.15086954190199311, 0.1545202187432973]
[0.15086954190199311, 0.1545202187432973, 0.14452793340901987]
[0.1545202187432973, 0.14452793340901987, 0.1638257032829329]
[0.14452793340901987, 0.1638257032829329, 0.1580207899354098]
[0.1638257032829329, 0.1580207899354098, 0.15725142657213972]
[0.1580207899354098, 0.15725142657213972, 0.17219909412528284]
[0.15725142657213972, 0.17219909412528284, 0.1382964828093861]
[0.17219909412528284, 0.1382964828093861, 0.14815409371413904]
[0.1382964828093861, 0.14815409371413904, 0.14664448570056743]
[0.14815409371413904, 0.14664448570056743, 0.20373727939670483]
[0.14664448570056743, 0.20373727939670483, 0.14524398249589082]
[0.20373727939670483, 0.14524398249589082, 0.15824333548343938]
[0.14524398249589082, 0.15824333548343938, 0.2216774349558565]
[0.15824333548343938, 0.2216774349558565, 0.17237105874824515]
[0.2216774349558565, 0.17237105874824515, 0.18686028836479118]
[0.17237105874824515, 0.18686028836479118, 0.1670538700352377]
[0.18686028836479118, 0.1670538700352377, 0.21163444519384023]
[0.1670538700352377, 0.21163444519384023, 0.16393089130661187]
[0.21163444519384023, 0.16393089130661187, 0.18271004193801554]
[0.16393089130661187, 0.18271004193801554, 0.1680639221056746]
[0.18271004193801554, 0.1680639221056746, 0.14526404243172342]
[0.1680639221056746, 0.14526404243172342, 0.15111282780702812]
[0.14526404243172342, 0.15111282780702812, 0.27024344014342694]
[0.15111282780702812, 0.27024344014342694, 0.1552971459964495]
[0.27024344014342694, 0.1552971459964495, 0.2011708914198706]
[0.1552971459964495, 0.2011708914198706, 0.24708004195346028]
[0.2011708914198706, 0.24708004195346028, 0.36148480042338005]
[0.24708004195346028, 0.36148480042338005, 0.3300428875935041]
[0.36148480042338005, 0.3300428875935041, 0.12168976010853855]
[0.3300428875935041, 0.12168976010853855, 0.12454895680767215]
[0.12168976010853855, 0.12454895680767215, 0.12866532409649378]
[0.12454895680767215, 0.12866532409649378, 0.11126592834276357]
[0.12866532409649378, 0.11126592834276357, 0.14603789642255505]
[0.11126592834276357, 0.14603789642255505, 0.15825239784130168]
[0.14603789642255505, 0.15825239784130168, 0.12916269217575416]
[0.15825239784130168, 0.12916269217575416, 0.14234290149743953]
[0.12916269217575416, 0.14234290149743953, 0.21857535281491766]
[0.14234290149743953, 0.21857535281491766, 0.1751124077761057]
[0.21857535281491766, 0.1751124077761057, 0.18716181243413005]
[0.1751124077761057, 0.18716181243413005, 0.21901097665609448]
[0.18716181243413005, 0.21901097665609448, 0.2310635699324931]
[0.21901097665609448, 0.2310635699324931, 0.2098266159878765]
[0.2310635699324931, 0.2098266159878765, 0.17715686987484586]
[0.2098266159878765, 0.17715686987484586, 0.13703226937431454]
[0.17715686987484586, 0.13703226937431454, 0.15365537841181542]
[0.13703226937431454, 0.15365537841181542, 0.17781083903337477]
[0.15365537841181542, 0.17781083903337477, 0.15677758027062574]
[0.17781083903337477, 0.15677758027062574, 0.23491669016802272]
[0.15677758027062574, 0.23491669016802272, 0.19711046411994737]
[0.23491669016802272, 0.19711046411994737, 0.23034771174118257]
[0.19711046411994737, 0.23034771174118257, 0.19715717210472172]
[0.23034771174118257, 0.19715717210472172, 0.24345439070640135]
[0.19715717210472172, 0.24345439070640135, 0.19794442313371335]
[0.24345439070640135, 0.19794442313371335, 0.20389160494282618]
[0.19794442313371335, 0.20389160494282618, 0.18876248262199374]
[0.20389160494282618, 0.18876248262199374, 0.1905352638698726]
[0.18876248262199374, 0.1905352638698726, 0.1789381390918694]
[0.1905352638698726, 0.1789381390918694, 0.15106482133129506]
[0.1789381390918694, 0.15106482133129506, 0.18612087873285793]
[0.15106482133129506, 0.18612087873285793, 0.285006864415088]
[0.18612087873285793, 0.285006864415088, 0.21069598711563503]
[0.285006864415088, 0.21069598711563503, 0.2866861796769099]
[0.21069598711563503, 0.2866861796769099, 0.20566812916095184]
[0.2866861796769099, 0.20566812916095184, 0.23493387836412408]
[0.20566812916095184, 0.23493387836412408, 0.23471656284017997]
[0.23493387836412408, 0.23471656284017997, 0.18777731867798014]
[0.23471656284017997, 0.18777731867798014, 0.2137959355912801]
[0.18777731867798014, 0.2137959355912801, 0.16381954836450635]
[0.2137959355912801, 0.16381954836450635, 0.17339609745524584]
[0.16381954836450635, 0.17339609745524584, 0.21635703812786644]
[0.17339609745524584, 0.21635703812786644, 0.22292357738659413]
[0.21635703812786644, 0.22292357738659413, 0.19417860196665665]
[0.22292357738659413, 0.19417860196665665, 0.15558385987500428]
[0.19417860196665665, 0.15558385987500428, 0.16343409854418206]
[0.15558385987500428, 0.16343409854418206, 0.14906440068398472]
[0.16343409854418206, 0.14906440068398472, 0.15531680305419227]
[0.14906440068398472, 0.15531680305419227, 0.142268218937871]
[0.15531680305419227, 0.142268218937871, 0.1390997428133115]
[0.142268218937871, 0.1390997428133115, 0.1373314778477312]
[0.1390997428133115, 0.1373314778477312, 0.207405549560163]
[0.1373314778477312, 0.207405549560163, 0.19608896619121385]
[0.207405549560163, 0.19608896619121385, 0.23114822086113787]
[0.19608896619121385, 0.23114822086113787, 0.2561442934328729]
[0.23114822086113787, 0.2561442934328729, 0.2032180777784544]
[0.2561442934328729, 0.2032180777784544, 0.17313515552359188]
[0.2032180777784544, 0.17313515552359188, 0.1401355617468198]
[0.17313515552359188, 0.1401355617468198, 0.19413406622824106]
[0.1401355617468198, 0.19413406622824106, 0.15232503241008888]
[0.19413406622824106, 0.15232503241008888, 0.13509321144702774]
[0.15232503241008888, 0.13509321144702774, 0.1609954939943803]
[0.13509321144702774, 0.1609954939943803, 0.13940099592700012]
[0.1609954939943803, 0.13940099592700012, 0.17771844121879618]
[0.13940099592700012, 0.17771844121879618, 0.1509514559108212]
[0.17771844121879618, 0.1509514559108212, 0.1614393175273793]
[0.1509514559108212, 0.1614393175273793, 0.15363189412751996]
[0.1614393175273793, 0.15363189412751996, 0.15200107571131855]
[0.15363189412751996, 0.15200107571131855, 0.17279690969411846]
[0.15200107571131855, 0.17279690969411846, 0.1582100215807048]
[0.17279690969411846, 0.1582100215807048, 0.15210343605376692]
[0.1582100215807048, 0.15210343605376692, 0.1564786411463126]
[0.15210343605376692, 0.1564786411463126, 0.15545999703628924]
[0.1564786411463126, 0.15545999703628924, 0.1514836926595307]
[0.15545999703628924, 0.1514836926595307, 0.17054418262627807]
[0.1514836926595307, 0.17054418262627807, 0.15257720858865823]
[0.17054418262627807, 0.15257720858865823, 0.15714664415365626]
[0.15257720858865823, 0.15714664415365626, 0.17580950201299916]
[0.15714664415365626, 0.17580950201299916, 0.1957299029165778]
[0.17580950201299916, 0.1957299029165778, 0.16294753048413924]
[0.1957299029165778, 0.16294753048413924, 0.16621713488972167]
[0.16294753048413924, 0.16621713488972167, 0.1451615018500085]
[0.16621713488972167, 0.1451615018500085, 0.14937618772985636]
[0.1451615018500085, 0.14937618772985636, 0.1462888634949946]
[0.14937618772985636, 0.1462888634949946, 0.13776693420550734]
[0.1462888634949946, 0.13776693420550734, 0.12621437048471487]
[0.13776693420550734, 0.12621437048471487, 0.1621117408211244]
[0.12621437048471487, 0.1621117408211244, 0.1506058893212301]
[0.1621117408211244, 0.1506058893212301, 0.14378248294032886]
[0.1506058893212301, 0.14378248294032886, 0.1572556294591641]
[0.14378248294032886, 0.1572556294591641, 0.15108275872805205]
[0.1572556294591641, 0.15108275872805205, 0.15982615556173974]
[0.15108275872805205, 0.15982615556173974, 0.16115498988848392]
[0.15982615556173974, 0.16115498988848392, 0.1993832552043513]
[0.16115498988848392, 0.1993832552043513, 0.18132039019181978]
[0.1993832552043513, 0.18132039019181978, 0.21755482075787913]
[0.18132039019181978, 0.21755482075787913, 0.15387048136600945]
[0.21755482075787913, 0.15387048136600945, 0.19180429091967663]
[0.15387048136600945, 0.19180429091967663, 0.21973775878403734]
[0.19180429091967663, 0.21973775878403734, 0.18636541443570906]
[0.21973775878403734, 0.18636541443570906, 0.15544733864897198]
[0.18636541443570906, 0.15544733864897198, 0.14318480108766424]
[0.15544733864897198, 0.14318480108766424, 0.18058043302495252]
[0.14318480108766424, 0.18058043302495252, 0.2849897980575056]
[0.18058043302495252, 0.2849897980575056, 0.17688256931383717]
[0.2849897980575056, 0.17688256931383717, 0.18316498246577528]
[0.17688256931383717, 0.18316498246577528, 0.144820150243814]
[0.18316498246577528, 0.144820150243814, 0.16849852617742164]
[0.144820150243814, 0.16849852617742164, 0.13292430445196537]
[0.16849852617742164, 0.13292430445196537, 0.16554483751189747]
[0.13292430445196537, 0.16554483751189747, 0.17019413805368522]
[0.16554483751189747, 0.17019413805368522, 0.1536442120445131]
[0.17019413805368522, 0.1536442120445131, 0.19218618296325776]
[0.1536442120445131, 0.19218618296325776, 0.205873207861199]
[0.19218618296325776, 0.205873207861199, 0.16252189934930278]
[0.205873207861199, 0.16252189934930278, 0.1747401449419859]
[0.16252189934930278, 0.1747401449419859, 0.16380315846036891]
[0.1747401449419859, 0.16380315846036891, 0.18205606234430796]
[0.16380315846036891, 0.18205606234430796, 0.16923617840440464]
