[0.2800251617598344, 0.28299693250794966, 0.2816853104901484]
[0.28299693250794966, 0.2816853104901484, 0.2858666211831909]
[0.2816853104901484, 0.2858666211831909, 0.28427127355181625]
[0.2858666211831909, 0.28427127355181625, 0.2783498851846284]
[0.28427127355181625, 0.2783498851846284, 0.2724420240549796]
[0.2783498851846284, 0.2724420240549796, 0.28068374815108643]
[0.2724420240549796, 0.28068374815108643, 0.2771591111856557]
[0.28068374815108643, 0.2771591111856557, 0.26710216604755654]
[0.2771591111856557, 0.26710216604755654, 0.2639138884453059]
[0.26710216604755654, 0.2639138884453059, 0.26541923795869604]
[0.2639138884453059, 0.26541923795869604, 0.29194329699747146]
[0.26541923795869604, 0.29194329699747146, 0.25355326301092507]
[0.29194329699747146, 0.25355326301092507, 0.23746852353496878]
[0.25355326301092507, 0.23746852353496878, 0.26977312320768065]
[0.23746852353496878, 0.26977312320768065, 0.281277954728701]
[0.26977312320768065, 0.281277954728701, 0.2876078351388328]
[0.281277954728701, 0.2876078351388328, 0.2856837534000529]
[0.2876078351388328, 0.2856837534000529, 0.26352298231014254]
[0.2856837534000529, 0.26352298231014254, 0.27100922405597816]
[0.26352298231014254, 0.27100922405597816, 0.2738766102640383]
[0.27100922405597816, 0.2738766102640383, 0.27104992177248877]
[0.2738766102640383, 0.27104992177248877, 0.28040420220417805]
[0.27104992177248877, 0.28040420220417805, 0.26956205256129095]
[0.28040420220417805, 0.26956205256129095, 0.26788720501675656]
[0.26956205256129095, 0.26788720501675656, 0.2787003391335787]
[0.26788720501675656, 0.2787003391335787, 0.2835964782683636]
[0.2787003391335787, 0.2835964782683636, 0.2727786586063199]
[0.2835964782683636, 0.2727786586063199, 0.2780621633581135]
[0.2727786586063199, 0.2780621633581135, 0.27553877340347593]
[0.2780621633581135, 0.27553877340347593, 0.30029921831990586]
[0.27553877340347593, 0.30029921831990586, 0.2777842275585169]
[0.30029921831990586, 0.2777842275585169, 0.27794905452136537]
[0.2777842275585169, 0.27794905452136537, 0.28396345120337174]
[0.27794905452136537, 0.28396345120337174, 0.25914280078917584]
[0.28396345120337174, 0.25914280078917584, 0.27788428855018005]
[0.25914280078917584, 0.27788428855018005, 0.28144775359866137]
[0.27788428855018005, 0.28144775359866137, 0.26977312320768065]
[0.28144775359866137, 0.26977312320768065, 0.26981602725291187]
[0.26977312320768065, 0.26981602725291187, 0.2657078555407]
[0.26981602725291187, 0.2657078555407, 0.27750460370984287]
[0.2657078555407, 0.27750460370984287, 0.2789161288733568]
[0.27750460370984287, 0.2789161288733568, 0.28221717901599275]
[0.2789161288733568, 0.28221717901599275, 0.27322602678231744]
[0.28221717901599275, 0.27322602678231744, 0.2829892322184614]
[0.27322602678231744, 0.2829892322184614, 0.2761163243659993]
[0.2829892322184614, 0.2761163243659993, 0.28195306294297195]
[0.2761163243659993, 0.28195306294297195, 0.265295600625087]
[0.28195306294297195, 0.265295600625087, 0.2737209721002174]
[0.265295600625087, 0.2737209721002174, 0.26592055810054827]
[0.2737209721002174, 0.26592055810054827, 0.27833099388221705]
[0.26592055810054827, 0.27833099388221705, 0.2607947901634969]
[0.27833099388221705, 0.2607947901634969, 0.2632693532304978]
[0.2607947901634969, 0.2632693532304978, 0.27305959859501017]
[0.2632693532304978, 0.27305959859501017, 0.2607454809444669]
[0.27305959859501017, 0.2607454809444669, 0.27115790273691315]
[0.2607454809444669, 0.27115790273691315, 0.2614840188491716]
[0.27115790273691315, 0.2614840188491716, 0.2643526679747122]
[0.2614840188491716, 0.2643526679747122, 0.27712302996498467]
[0.2643526679747122, 0.27712302996498467, 0.27591315276138567]
[0.27712302996498467, 0.27591315276138567, 0.2610607070185074]
[0.27591315276138567, 0.2610607070185074, 0.27527393438985787]
[0.2610607070185074, 0.27527393438985787, 0.2533260202691217]
[0.27527393438985787, 0.2533260202691217, 0.26194714842118405]
[0.2533260202691217, 0.26194714842118405, 0.25419833428665317]
[0.26194714842118405, 0.25419833428665317, 0.2797488957863546]
[0.25419833428665317, 0.2797488957863546, 0.27124089121507644]
[0.2797488957863546, 0.27124089121507644, 0.2809273942441822]
[0.27124089121507644, 0.2809273942441822, 0.26596979558110356]
[0.2809273942441822, 0.26596979558110356, 0.2743625233049009]
[0.26596979558110356, 0.2743625233049009, 0.26314536232978764]
[0.2743625233049009, 0.26314536232978764, 0.2802646954045831]
[0.26314536232978764, 0.2802646954045831, 0.2778351236790862]
[0.2802646954045831, 0.2778351236790862, 0.2734910167209291]
[0.2778351236790862, 0.2734910167209291, 0.26930626100044863]
[0.2734910167209291, 0.26930626100044863, 0.2717457408364278]
[0.26930626100044863, 0.2717457408364278, 0.26789966351499117]
[0.2717457408364278, 0.26789966351499117, 0.2656480212335829]
[0.26789966351499117, 0.2656480212335829, 0.24393924324487742]
[0.2656480212335829, 0.24393924324487742, 0.26783782465419226]
[0.24393924324487742, 0.26783782465419226, 0.27404499934612436]
[0.26783782465419226, 0.27404499934612436, 0.2907972080561788]
[0.27404499934612436, 0.2907972080561788, 0.264520432556671]
[0.2907972080561788, 0.264520432556671, 0.26807986187531413]
[0.264520432556671, 0.26807986187531413, 0.2597903171792889]
[0.26807986187531413, 0.2597903171792889, 0.269607632766955]
[0.2597903171792889, 0.269607632766955, 0.2719169511265558]
[0.269607632766955, 0.2719169511265558, 0.27425137536350674]
[0.2719169511265558, 0.27425137536350674, 0.2631918106377481]
[0.27425137536350674, 0.2631918106377481, 0.259037905243631]
[0.2631918106377481, 0.259037905243631, 0.2727809514723657]
[0.259037905243631, 0.2727809514723657, 0.26394981562379805]
[0.2727809514723657, 0.26394981562379805, 0.26920071551152475]
[0.26394981562379805, 0.26920071551152475, 0.2539561425153861]
[0.26920071551152475, 0.2539561425153861, 0.2591587668470782]
[0.2539561425153861, 0.2591587668470782, 0.2610821409411752]
[0.2591587668470782, 0.2610821409411752, 0.27147817543172864]
[0.2610821409411752, 0.27147817543172864, 0.27161807290925133]
[0.27147817543172864, 0.27161807290925133, 0.2745044033845139]
[0.27161807290925133, 0.2745044033845139, 0.25983268575845375]
[0.2745044033845139, 0.25983268575845375, 0.26547885061862253]
[0.25983268575845375, 0.26547885061862253, 0.2626787921448366]
[0.26547885061862253, 0.2626787921448366, 0.27080542714622147]
[0.2626787921448366, 0.27080542714622147, 0.2642785820207088]
[0.27080542714622147, 0.2642785820207088, 0.25968952961313885]
[0.2642785820207088, 0.25968952961313885, 0.2584375512950945]
[0.25968952961313885, 0.2584375512950945, 0.25728743334741044]
[0.2584375512950945, 0.25728743334741044, 0.27446381294367955]
[0.25728743334741044, 0.27446381294367955, 0.27363938310668245]
[0.27446381294367955, 0.27363938310668245, 0.2718113890799056]
[0.27363938310668245, 0.2718113890799056, 0.2800439008200874]
[0.2718113890799056, 0.2800439008200874, 0.26318048043774456]
[0.2800439008200874, 0.26318048043774456, 0.2682890604069249]
[0.26318048043774456, 0.2682890604069249, 0.2757392576339919]
[0.2682890604069249, 0.2757392576339919, 0.2616193236010807]
[0.2757392576339919, 0.2616193236010807, 0.2696118021507392]
[0.2616193236010807, 0.2696118021507392, 0.27748271825127485]
[0.2696118021507392, 0.27748271825127485, 0.2930832272762058]
[0.27748271825127485, 0.2930832272762058, 0.2811553871671585]
[0.2930832272762058, 0.2811553871671585, 0.2885000434082633]
[0.2811553871671585, 0.2885000434082633, 0.28998352720758414]
[0.2885000434082633, 0.28998352720758414, 0.27180780078249406]
[0.28998352720758414, 0.27180780078249406, 0.25953017624582375]
[0.27180780078249406, 0.25953017624582375, 0.28870328198875905]
[0.25953017624582375, 0.28870328198875905, 0.2803272803666766]
[0.28870328198875905, 0.2803272803666766, 0.2827160745809212]
[0.2803272803666766, 0.2827160745809212, 0.27974079760001336]
[0.2827160745809212, 0.27974079760001336, 0.28530061858110733]
[0.27974079760001336, 0.28530061858110733, 0.2552727236785073]
[0.28530061858110733, 0.2552727236785073, 0.27833104440809037]
[0.2552727236785073, 0.27833104440809037, 0.26209505193332494]
[0.27833104440809037, 0.26209505193332494, 0.26697233079879024]
[0.26209505193332494, 0.26697233079879024, 0.2751259158177918]
[0.26697233079879024, 0.2751259158177918, 0.28313932067663006]
[0.2751259158177918, 0.28313932067663006, 0.27502767021769514]
[0.28313932067663006, 0.27502767021769514, 0.27204968660874673]
[0.27502767021769514, 0.27204968660874673, 0.2696061716158452]
[0.27204968660874673, 0.2696061716158452, 0.2569107160699821]
[0.2696061716158452, 0.2569107160699821, 0.261838624960255]
[0.2569107160699821, 0.261838624960255, 0.26264798468110034]
[0.261838624960255, 0.26264798468110034, 0.289977479466508]
[0.26264798468110034, 0.289977479466508, 0.2719642115586942]
[0.289977479466508, 0.2719642115586942, 0.28151094443678903]
[0.2719642115586942, 0.28151094443678903, 0.2683349654688669]
[0.28151094443678903, 0.2683349654688669, 0.27733449003195815]
[0.2683349654688669, 0.27733449003195815, 0.23961526315596515]
[0.27733449003195815, 0.23961526315596515, 0.26005442605555057]
[0.23961526315596515, 0.26005442605555057, 0.25706434198788464]
[0.26005442605555057, 0.25706434198788464, 0.27119965219967845]
[0.25706434198788464, 0.27119965219967845, 0.2642971789948811]
[0.27119965219967845, 0.2642971789948811, 0.26000999745086456]
[0.2642971789948811, 0.26000999745086456, 0.28930904797165796]
[0.26000999745086456, 0.28930904797165796, 0.26126915086199176]
[0.28930904797165796, 0.26126915086199176, 0.2655878568135239]
[0.26126915086199176, 0.2655878568135239, 0.28898993835956754]
[0.2655878568135239, 0.28898993835956754, 0.2772447151129155]
[0.28898993835956754, 0.2772447151129155, 0.28042103447099753]
[0.2772447151129155, 0.28042103447099753, 0.2778677005974902]
[0.28042103447099753, 0.2778677005974902, 0.2720811918561166]
[0.2778677005974902, 0.2720811918561166, 0.2768728529422553]
[0.2720811918561166, 0.2768728529422553, 0.2690839557207998]
[0.2768728529422553, 0.2690839557207998, 0.2741951378409224]
[0.2690839557207998, 0.2741951378409224, 0.28033341001730794]
[0.2741951378409224, 0.28033341001730794, 0.2575727011696421]
[0.28033341001730794, 0.2575727011696421, 0.2719377390416461]
[0.2575727011696421, 0.2719377390416461, 0.26845662254977554]
[0.2719377390416461, 0.26845662254977554, 0.25493757346083207]
[0.26845662254977554, 0.25493757346083207, 0.2545356736693156]
[0.25493757346083207, 0.2545356736693156, 0.2814049958661663]
[0.2545356736693156, 0.2814049958661663, 0.27351294431531215]
[0.2814049958661663, 0.27351294431531215, 0.27001578228987055]
[0.27351294431531215, 0.27001578228987055, 0.261033819439051]
[0.27001578228987055, 0.261033819439051, 0.2564178060522231]
[0.261033819439051, 0.2564178060522231, 0.27260543794302616]
[0.2564178060522231, 0.27260543794302616, 0.2656670641486799]
[0.27260543794302616, 0.2656670641486799, 0.26243765158422644]
[0.2656670641486799, 0.26243765158422644, 0.2611091519674754]
[0.26243765158422644, 0.2611091519674754, 0.2619168953880275]
[0.2611091519674754, 0.2619168953880275, 0.25935159733361246]
[0.2619168953880275, 0.25935159733361246, 0.26713768552141914]
[0.25935159733361246, 0.26713768552141914, 0.2532628517955673]
[0.26713768552141914, 0.2532628517955673, 0.2599937872145128]
[0.2532628517955673, 0.2599937872145128, 0.26920202580627905]
[0.2599937872145128, 0.26920202580627905, 0.26804493204170515]
[0.26920202580627905, 0.26804493204170515, 0.2751083317640604]
[0.26804493204170515, 0.2751083317640604, 0.2756172997362212]
[0.2751083317640604, 0.2756172997362212, 0.2703742472128252]
[0.2756172997362212, 0.2703742472128252, 0.26985566850578335]
[0.2703742472128252, 0.26985566850578335, 0.2554935748473349]
[0.26985566850578335, 0.2554935748473349, 0.2709297640188243]
[0.2554935748473349, 0.2709297640188243, 0.26843898398381305]
[0.2709297640188243, 0.26843898398381305, 0.2813661512775436]
[0.26843898398381305, 0.2813661512775436, 0.2696908913537488]
[0.2813661512775436, 0.2696908913537488, 0.25529257718486287]
[0.2696908913537488, 0.25529257718486287, 0.24616356563127195]
[0.25529257718486287, 0.24616356563127195, 0.2699566421838735]
[0.24616356563127195, 0.2699566421838735, 0.2754046863625706]
[0.2699566421838735, 0.2754046863625706, 0.2776539888357605]
[0.2754046863625706, 0.2776539888357605, 0.2729703273708094]
[0.2776539888357605, 0.2729703273708094, 0.25735577866898857]
[0.2729703273708094, 0.25735577866898857, 0.2502878673173051]
[0.25735577866898857, 0.2502878673173051, 0.265150190533992]
[0.2502878673173051, 0.265150190533992, 0.2771902699808005]
[0.265150190533992, 0.2771902699808005, 0.25782932436507056]
[0.2771902699808005, 0.25782932436507056, 0.27100893410960714]
[0.25782932436507056, 0.27100893410960714, 0.25981608345660623]
[0.27100893410960714, 0.25981608345660623, 0.2634962915682527]
[0.25981608345660623, 0.2634962915682527, 0.26385049741722877]
[0.2634962915682527, 0.26385049741722877, 0.2520850826781723]
[0.26385049741722877, 0.2520850826781723, 0.2598640598114182]
[0.2520850826781723, 0.2598640598114182, 0.27122254463233636]
[0.2598640598114182, 0.27122254463233636, 0.27516760812029634]
[0.27122254463233636, 0.27516760812029634, 0.25722869326095654]
[0.27516760812029634, 0.25722869326095654, 0.2658975095739]
[0.25722869326095654, 0.2658975095739, 0.2637542069356501]
[0.2658975095739, 0.2637542069356501, 0.258081258268626]
[0.2637542069356501, 0.258081258268626, 0.2653938311823381]
[0.258081258268626, 0.2653938311823381, 0.25765085343816524]
[0.2653938311823381, 0.25765085343816524, 0.2770168926978147]
[0.25765085343816524, 0.2770168926978147, 0.2598278936646369]
[0.2770168926978147, 0.2598278936646369, 0.25506421584057876]
[0.2598278936646369, 0.25506421584057876, 0.26476841890739666]
[0.25506421584057876, 0.26476841890739666, 0.2733385118174071]
[0.26476841890739666, 0.2733385118174071, 0.26985566850578335]
[0.2733385118174071, 0.26985566850578335, 0.2568416898503238]
[0.26985566850578335, 0.2568416898503238, 0.264698827623056]
[0.2568416898503238, 0.264698827623056, 0.2645727815130724]
[0.264698827623056, 0.2645727815130724, 0.2630571114423778]
[0.2645727815130724, 0.2630571114423778, 0.2583257015447863]
[0.2630571114423778, 0.2583257015447863, 0.2594949339519763]
[0.2583257015447863, 0.2594949339519763, 0.27704687036687103]
[0.2594949339519763, 0.27704687036687103, 0.2765157294064242]
[0.27704687036687103, 0.2765157294064242, 0.2572598893065621]
[0.2765157294064242, 0.2572598893065621, 0.267781284931891]
[0.2572598893065621, 0.267781284931891, 0.25879530771911624]
[0.267781284931891, 0.25879530771911624, 0.26004423875296034]
[0.25879530771911624, 0.26004423875296034, 0.25506977485682664]
[0.26004423875296034, 0.25506977485682664, 0.27355690632942187]
[0.25506977485682664, 0.27355690632942187, 0.28086466572182267]
[0.27355690632942187, 0.28086466572182267, 0.2631315348688238]
[0.28086466572182267, 0.2631315348688238, 0.2683627500015297]
[0.2631315348688238, 0.2683627500015297, 0.24564290953567047]
[0.2683627500015297, 0.24564290953567047, 0.26105578443805766]
[0.24564290953567047, 0.26105578443805766, 0.28909406295435863]
[0.26105578443805766, 0.28909406295435863, 0.2648744423572007]
[0.28909406295435863, 0.2648744423572007, 0.266014130224567]
[0.2648744423572007, 0.266014130224567, 0.27388052736506385]
[0.266014130224567, 0.27388052736506385, 0.25759153953309655]
[0.27388052736506385, 0.25759153953309655, 0.2757934303409617]
[0.25759153953309655, 0.2757934303409617, 0.26478120057330623]
[0.2757934303409617, 0.26478120057330623, 0.2657657421238856]
[0.26478120057330623, 0.2657657421238856, 0.2538020872793718]
[0.2657657421238856, 0.2538020872793718, 0.26152192727729895]
[0.2538020872793718, 0.26152192727729895, 0.26607987903456565]
[0.26152192727729895, 0.26607987903456565, 0.2616630898480408]
[0.26607987903456565, 0.2616630898480408, 0.26852504945659517]
[0.2616630898480408, 0.26852504945659517, 0.2824367154920707]
[0.26852504945659517, 0.2824367154920707, 0.27369630854207516]
[0.2824367154920707, 0.27369630854207516, 0.2606148523004468]
[0.27369630854207516, 0.2606148523004468, 0.2607065483487992]
[0.2606148523004468, 0.2607065483487992, 0.27250717401620905]
[0.2607065483487992, 0.27250717401620905, 0.27277418772734946]
[0.27250717401620905, 0.27277418772734946, 0.28152692688166253]
[0.27277418772734946, 0.28152692688166253, 0.2732045886814576]
[0.28152692688166253, 0.2732045886814576, 0.2668875201130807]
[0.2732045886814576, 0.2668875201130807, 0.2811483699731542]
[0.2668875201130807, 0.2811483699731542, 0.28597845660833776]
[0.2811483699731542, 0.28597845660833776, 0.26459492843523114]
[0.28597845660833776, 0.26459492843523114, 0.2692058659528957]
[0.26459492843523114, 0.2692058659528957, 0.28525854068866996]
[0.2692058659528957, 0.28525854068866996, 0.27317484379404544]
[0.28525854068866996, 0.27317484379404544, 0.2693381473221489]
[0.27317484379404544, 0.2693381473221489, 0.26885531657516004]
[0.2693381473221489, 0.26885531657516004, 0.2793141506020033]
[0.26885531657516004, 0.2793141506020033, 0.2672554777793616]
[0.2793141506020033, 0.2672554777793616, 0.27371903660651864]
[0.2672554777793616, 0.27371903660651864, 0.27321311757260447]
[0.27371903660651864, 0.27321311757260447, 0.2733337167662889]
[0.27321311757260447, 0.2733337167662889, 0.2764314776025767]
[0.2733337167662889, 0.2764314776025767, 0.26785393065067653]
[0.2764314776025767, 0.26785393065067653, 0.2693342804336447]
[0.26785393065067653, 0.2693342804336447, 0.2671282889949105]
[0.2693342804336447, 0.2671282889949105, 0.2755048938838418]
[0.2671282889949105, 0.2755048938838418, 0.27361135522066243]
[0.2755048938838418, 0.27361135522066243, 0.26888106172782433]
[0.27361135522066243, 0.26888106172782433, 0.2747228670073095]
[0.26888106172782433, 0.2747228670073095, 0.27489229737097154]
[0.2747228670073095, 0.27489229737097154, 0.2709430285974621]
[0.27489229737097154, 0.2709430285974621, 0.2711873908863542]
[0.2709430285974621, 0.2711873908863542, 0.26543522285428206]
[0.2711873908863542, 0.26543522285428206, 0.2816106735533714]
[0.26543522285428206, 0.2816106735533714, 0.29370034391195177]
[0.2816106735533714, 0.29370034391195177, 0.2732591011661708]
[0.29370034391195177, 0.2732591011661708, 0.2668926732671707]
[0.2732591011661708, 0.2668926732671707, 0.2690839557207998]
[0.2668926732671707, 0.2690839557207998, 0.26228544975521323]
[0.2690839557207998, 0.26228544975521323, 0.26509139882032373]
[0.26228544975521323, 0.26509139882032373, 0.25660916137092493]
[0.26509139882032373, 0.25660916137092493, 0.2650169188071013]
[0.25660916137092493, 0.2650169188071013, 0.26391282973745844]
[0.2650169188071013, 0.26391282973745844, 0.2628731970339716]
[0.26391282973745844, 0.2628731970339716, 0.2597109163230875]
[0.2628731970339716, 0.2597109163230875, 0.2752345780813202]
[0.2597109163230875, 0.2752345780813202, 0.26541263160498196]
[0.2752345780813202, 0.26541263160498196, 0.25983217460849073]
[0.26541263160498196, 0.25983217460849073, 0.26413877311015455]
[0.25983217460849073, 0.26413877311015455, 0.25867276762067337]
[0.26413877311015455, 0.25867276762067337, 0.26310750212342193]
[0.25867276762067337, 0.26310750212342193, 0.28522149778431827]
[0.26310750212342193, 0.28522149778431827, 0.2533522494144956]
[0.28522149778431827, 0.2533522494144956, 0.2828431128062123]
